0.01, -0.01, 0.1
0.02, -0.02, 0.2
0.02, -0.03, 0.31
0.03, -0.04, 0.4
0.03, -0.05, 0.5
0.04, -0.06, 0.61
0.04, -0.07, 0.7
0.05, -0.08, 0.8
0.05, -0.09, 0.9
0.05, -0.1, 1.0
0.06, -0.11, 1.11
0.07, -0.12, 1.21
0.07, -0.13, 1.3
0.08, -0.14, 1.4
0.08, -0.15, 1.5
0.09, -0.16, 1.6
0.09, -0.17, 1.71
-0.01, 0.01, 0.1
-0.03, 0.02, 0.2
-0.05, 0.03, 0.3
-0.06, 0.04, 0.4
-0.08, 0.05, 0.5
-0.1, 0.06, 0.6
-0.11, 0.07, 0.7
-0.13, 0.08, 0.8
-0.15, 0.09, 0.9
-0.17, 0.09, 0.99
-0.18, 0.1, 1.09
-0.2, 0.11, 1.19
-0.22, 0.12, 1.29
-0.23, 0.13, 1.39
-0.25, 0.14, 1.49
-0.27, 0.15, 1.59
-0.28, 0.16, 1.69
0.03, 0.01, 0.1
0.05, 0.02, 0.2
0.08, 0.03, 0.3
0.1, 0.03, 0.39
0.12, 0.04, 0.49
0.15, 0.05, 0.59
0.17, 0.05, 0.68
0.2, 0.06, 0.78
0.22, 0.07, 0.88
0.24, 0.08, 0.97
0.27, 0.08, 1.07
0.29, 0.09, 1.17
0.32, 0.1, 1.27
0.34, 0.1, 1.36
0.36, 0.11, 1.46
0.39, 0.12, 1.56
0.41, 0.12, 1.65
-0.01, -0.02, 0.1
-0.03, -0.04, 0.2
-0.04, -0.07, 0.29
-0.06, -0.09, 0.39
-0.07, -0.12, 0.48
-0.09, -0.14, 0.58
-0.1, -0.16, 0.68
-0.12, -0.19, 0.77
-0.13, -0.21, 0.87
-0.15, -0.24, 0.96
-0.16, -0.26, 1.06
-0.18, -0.28, 1.16
-0.19, -0.31, 1.25
-0.21, -0.33, 1.35
-0.22, -0.36, 1.44
-0.24, -0.38, 1.54
-0.25, -0.4, 1.64
0.0, 0.04, 0.1
-0.01, 0.07, 0.19
-0.01, 0.1, 0.29
-0.02, 0.14, 0.38
-0.03, 0.17, 0.48
-0.03, 0.2, 0.58
-0.04, 0.24, 0.67
-0.04, 0.27, 0.76
-0.05, 0.3, 0.86
-0.06, 0.33, 0.95
-0.06, 0.37, 1.05
-0.07, 0.4, 1.15
-0.07, 0.43, 1.24
-0.08, 0.47, 1.33
-0.09, 0.5, 1.43
-0.09, 0.53, 1.52
-0.1, 0.57, 1.62
0.03, -0.02, 0.1
0.06, -0.04, 0.19
0.1, -0.06, 0.29
0.12, -0.08, 0.38
0.15, -0.1, 0.47
0.19, -0.12, 0.57
0.22, -0.14, 0.66
0.24, -0.16, 0.76
0.27, -0.18, 0.85
0.3, -0.21, 0.94
0.33, -0.23, 1.04
0.37, -0.25, 1.13
0.39, -0.27, 1.23
0.43, -0.29, 1.32
0.45, -0.31, 1.41
0.48, -0.33, 1.51
0.51, -0.35, 1.6
-0.03, 0.0, 0.1
-0.07, 0.0, 0.19
-0.11, -0.01, 0.28
-0.15, -0.01, 0.37
-0.19, -0.02, 0.46
-0.23, -0.02, 0.56
-0.27, -0.02, 0.65
-0.31, -0.03, 0.74
-0.35, -0.03, 0.83
-0.39, -0.04, 0.92
-0.42, -0.04, 1.02
-0.46, -0.04, 1.11
-0.5, -0.05, 1.2
-0.54, -0.05, 1.29
-0.58, -0.06, 1.38
-0.62, -0.06, 1.48
-0.66, -0.06, 1.57
0.03, 0.04, 0.1
0.06, 0.07, 0.19
0.09, 0.1, 0.28
0.12, 0.13, 0.37
0.15, 0.16, 0.46
0.17, 0.2, 0.55
0.2, 0.23, 0.64
0.23, 0.26, 0.73
0.26, 0.29, 0.82
0.29, 0.32, 0.91
0.31, 0.36, 1.01
0.34, 0.39, 1.1
0.37, 0.42, 1.19
0.4, 0.45, 1.28
0.43, 0.48, 1.37
0.45, 0.52, 1.46
0.48, 0.55, 1.55
0.01, -0.04, 0.1
0.01, -0.08, 0.19
0.01, -0.13, 0.28
0.01, -0.17, 0.37
0.01, -0.22, 0.45
0.01, -0.26, 0.55
0.01, -0.3, 0.64
0.01, -0.35, 0.73
0.01, -0.39, 0.81
0.01, -0.44, 0.9
0.02, -0.48, 1.0
0.02, -0.52, 1.09
0.02, -0.57, 1.18
0.02, -0.61, 1.27
0.02, -0.66, 1.35
0.02, -0.7, 1.45
0.02, -0.74, 1.54
-0.03, 0.04, 0.09
-0.06, 0.07, 0.18
-0.09, 0.11, 0.27
-0.12, 0.14, 0.36
-0.16, 0.17, 0.45
-0.19, 0.21, 0.54
-0.22, 0.24, 0.63
-0.25, 0.28, 0.72
-0.28, 0.31, 0.81
-0.32, 0.34, 0.89
-0.35, 0.38, 0.98
-0.38, 0.41, 1.07
-0.41, 0.45, 1.16
-0.44, 0.48, 1.25
-0.48, 0.51, 1.34
-0.51, 0.55, 1.43
-0.54, 0.58, 1.52
0.05, 0.0, 0.09
0.1, 0.0, 0.18
0.16, 0.0, 0.27
0.2, -0.01, 0.36
0.25, -0.01, 0.44
0.31, -0.01, 0.53
0.35, -0.02, 0.62
0.4, -0.02, 0.71
0.45, -0.02, 0.8
0.5, -0.03, 0.88
0.56, -0.03, 0.97
0.61, -0.03, 1.06
0.65, -0.03, 1.15
0.7, -0.04, 1.24
0.75, -0.04, 1.32
0.8, -0.04, 1.41
0.86, -0.05, 1.5
-0.04, -0.03, 0.09
-0.08, -0.06, 0.18
-0.12, -0.09, 0.26
-0.16, -0.12, 0.35
-0.2, -0.16, 0.43
-0.24, -0.19, 0.52
-0.28, -0.22, 0.61
-0.32, -0.25, 0.69
-0.36, -0.28, 0.78
-0.4, -0.32, 0.86
-0.44, -0.35, 0.95
-0.48, -0.38, 1.04
-0.52, -0.41, 1.12
-0.56, -0.44, 1.21
-0.6, -0.48, 1.29
-0.64, -0.51, 1.38
-0.68, -0.54, 1.47
0.01, 0.06, 0.09
0.02, 0.11, 0.17
0.03, 0.16, 0.26
0.04, 0.22, 0.34
0.05, 0.27, 0.43
0.06, 0.32, 0.51
0.07, 0.38, 0.6
0.08, 0.43, 0.68
0.09, 0.48, 0.77
0.09, 0.53, 0.85
0.1, 0.59, 0.94
0.11, 0.64, 1.02
0.12, 0.69, 1.11
0.13, 0.75, 1.2
0.14, 0.8, 1.28
0.15, 0.85, 1.36
0.16, 0.91, 1.45
0.04, -0.04, 0.09
0.07, -0.09, 0.17
0.1, -0.13, 0.26
0.13, -0.18, 0.34
0.16, -0.23, 0.42
0.19, -0.27, 0.51
0.22, -0.32, 0.59
0.25, -0.36, 0.68
0.28, -0.41, 0.76
0.31, -0.46, 0.84
0.35, -0.5, 0.93
0.38, -0.55, 1.01
0.41, -0.59, 1.1
0.44, -0.64, 1.18
0.47, -0.69, 1.26
0.5, -0.73, 1.35
0.53, -0.78, 1.43
-0.05, 0.02, 0.09
-0.11, 0.03, 0.17
-0.16, 0.05, 0.25
-0.22, 0.06, 0.34
-0.27, 0.08, 0.42
-0.33, 0.09, 0.5
-0.38, 0.1, 0.59
-0.44, 0.12, 0.67
-0.49, 0.13, 0.75
-0.55, 0.15, 0.83
-0.6, 0.16, 0.92
-0.66, 0.17, 1.0
-0.71, 0.19, 1.08
-0.77, 0.2, 1.17
-0.82, 0.22, 1.25
-0.88, 0.23, 1.33
-0.93, 0.24, 1.42
0.06, 0.03, 0.09
0.11, 0.06, 0.17
0.16, 0.09, 0.25
0.21, 0.12, 0.33
0.26, 0.15, 0.41
0.32, 0.18, 0.49
0.37, 0.21, 0.57
0.42, 0.24, 0.65
0.47, 0.27, 0.73
0.52, 0.29, 0.81
0.58, 0.32, 0.9
0.63, 0.35, 0.98
0.68, 0.38, 1.06
0.73, 0.41, 1.14
0.78, 0.44, 1.22
0.84, 0.47, 1.3
0.89, 0.5, 1.38
-0.01, -0.05, 0.09
-0.03, -0.11, 0.17
-0.05, -0.17, 0.25
-0.07, -0.22, 0.33
-0.09, -0.28, 0.4
-0.11, -0.34, 0.49
-0.13, -0.39, 0.57
-0.15, -0.45, 0.65
-0.17, -0.51, 0.73
-0.19, -0.56, 0.8
-0.2, -0.62, 0.89
-0.22, -0.68, 0.97
-0.24, -0.74, 1.04
-0.26, -0.79, 1.13
-0.28, -0.85, 1.21
-0.3, -0.91, 1.29
-0.32, -0.96, 1.37
-0.02, 0.06, 0.08
-0.04, 0.12, 0.16
-0.07, 0.18, 0.24
-0.09, 0.23, 0.32
-0.12, 0.29, 0.4
-0.14, 0.35, 0.48
-0.16, 0.4, 0.56
-0.19, 0.46, 0.64
-0.21, 0.52, 0.72
-0.24, 0.57, 0.79
-0.26, 0.63, 0.87
-0.28, 0.69, 0.95
-0.31, 0.75, 1.03
-0.33, 0.8, 1.11
-0.36, 0.86, 1.19
-0.38, 0.92, 1.27
-0.4, 0.97, 1.35
0.06, -0.02, 0.08
0.12, -0.05, 0.16
0.18, -0.07, 0.24
0.24, -0.1, 0.32
0.3, -0.12, 0.39
0.36, -0.15, 0.47
0.42, -0.17, 0.55
0.48, -0.2, 0.63
0.54, -0.22, 0.71
0.59, -0.25, 0.78
0.65, -0.27, 0.86
0.71, -0.3, 0.94
0.77, -0.32, 1.02
0.83, -0.35, 1.1
0.89, -0.37, 1.17
0.95, -0.4, 1.25
1.01, -0.42, 1.33
-0.06, -0.02, 0.08
-0.12, -0.04, 0.16
-0.18, -0.06, 0.23
-0.24, -0.08, 0.31
-0.3, -0.1, 0.38
-0.36, -0.12, 0.46
-0.42, -0.14, 0.54
-0.48, -0.16, 0.61
-0.54, -0.18, 0.69
-0.61, -0.2, 0.76
-0.67, -0.22, 0.84
-0.73, -0.24, 0.92
-0.79, -0.26, 0.99
-0.85, -0.28, 1.07
-0.91, -0.3, 1.15
-0.97, -0.32, 1.22
-1.03, -0.34, 1.3
0.04, 0.06, 0.08
0.07, 0.12, 0.16
0.1, 0.18, 0.23
0.14, 0.24, 0.31
0.17, 0.3, 0.38
0.2, 0.36, 0.46
0.24, 0.42, 0.53
0.27, 0.48, 0.61
0.3, 0.54, 0.68
0.33, 0.59, 0.75
0.37, 0.65, 0.83
0.4, 0.71, 0.91
0.43, 0.77, 0.98
0.47, 0.83, 1.05
0.5, 0.89, 1.13
0.53, 0.95, 1.21
0.57, 1.01, 1.28
0.02, -0.06, 0.08
0.04, -0.13, 0.15
0.05, -0.19, 0.23
0.07, -0.26, 0.3
0.08, -0.32, 0.37
0.1, -0.39, 0.45
0.12, -0.45, 0.52
0.13, -0.52, 0.6
0.15, -0.58, 0.67
0.16, -0.65, 0.74
0.18, -0.71, 0.82
0.2, -0.78, 0.89
0.21, -0.84, 0.97
0.23, -0.91, 1.04
0.24, -0.97, 1.11
0.26, -1.04, 1.19
0.28, -1.1, 1.26
-0.05, 0.04, 0.08
-0.11, 0.08, 0.15
-0.17, 0.12, 0.22
-0.22, 0.16, 0.3
-0.28, 0.2, 0.37
-0.34, 0.24, 0.44
-0.39, 0.28, 0.52
-0.45, 0.32, 0.59
-0.51, 0.36, 0.66
-0.56, 0.39, 0.73
-0.62, 0.43, 0.81
-0.68, 0.47, 0.88
-0.74, 0.51, 0.95
-0.79, 0.55, 1.03
-0.85, 0.59, 1.1
-0.91, 0.63, 1.17
-0.96, 0.67, 1.25
0.07, 0.02, 0.08
0.14, 0.03, 0.15
0.22, 0.04, 0.22
0.28, 0.05, 0.29
0.35, 0.06, 0.36
0.43, 0.07, 0.43
0.49, 0.08, 0.5
0.56, 0.09, 0.57
0.63, 0.1, 0.64
0.7, 0.11, 0.71
0.77, 0.13, 0.79
0.85, 0.14, 0.86
0.91, 0.15, 0.93
0.98, 0.16, 1.0
1.05, 0.17, 1.07
1.12, 0.18, 1.14
1.19, 0.19, 1.21
-0.04, -0.05, 0.07
-0.09, -0.11, 0.14
-0.13, -0.16, 0.22
-0.18, -0.22, 0.28
-0.22, -0.27, 0.35
-0.27, -0.33, 0.43
-0.31, -0.38, 0.49
-0.36, -0.44, 0.56
-0.4, -0.49, 0.63
-0.45, -0.55, 0.7
-0.49, -0.6, 0.77
-0.54, -0.66, 0.85
-0.58, -0.71, 0.91
-0.63, -0.77, 0.98
-0.67, -0.82, 1.05
-0.72, -0.88, 1.12
-0.76, -0.93, 1.19
0.0, 0.08, 0.07
0.0, 0.15, 0.14
-0.01, 0.22, 0.21
-0.01, 0.3, 0.28
-0.02, 0.37, 0.35
-0.02, 0.44, 0.42
-0.02, 0.52, 0.49
-0.03, 0.59, 0.56
-0.03, 0.66, 0.63
-0.04, 0.73, 0.69
-0.04, 0.81, 0.76
-0.04, 0.88, 0.83
-0.05, 0.95, 0.9
-0.05, 1.03, 0.97
-0.06, 1.1, 1.04
-0.06, 1.17, 1.11
-0.06, 1.25, 1.18
0.06, -0.05, 0.07
0.11, -0.1, 0.14
0.17, -0.15, 0.21
0.22, -0.2, 0.28
0.27, -0.25, 0.34
0.33, -0.3, 0.41
0.38, -0.35, 0.48
0.44, -0.4, 0.55
0.49, -0.45, 0.62
0.54, -0.51, 0.68
0.6, -0.56, 0.75
0.65, -0.61, 0.82
0.71, -0.66, 0.89
0.76, -0.71, 0.96
0.81, -0.76, 1.02
0.87, -0.81, 1.09
0.92, -0.86, 1.16
-0.07, 0.01, 0.07
-0.15, 0.01, 0.14
-0.22, 0.01, 0.21
-0.3, 0.01, 0.27
-0.37, 0.01, 0.34
-0.45, 0.02, 0.41
-0.52, 0.02, 0.47
-0.6, 0.02, 0.54
-0.67, 0.02, 0.61
-0.75, 0.02, 0.67
-0.82, 0.03, 0.74
-0.9, 0.03, 0.81
-0.97, 0.03, 0.88
-1.05, 0.03, 0.94
-1.12, 0.03, 1.01
-1.2, 0.04, 1.08
-1.27, 0.04, 1.14
0.06, 0.05, 0.07
0.12, 0.1, 0.13
0.18, 0.16, 0.2
0.24, 0.2, 0.26
0.29, 0.25, 0.33
0.35, 0.31, 0.4
0.41, 0.35, 0.46
0.47, 0.4, 0.52
0.53, 0.45, 0.59
0.58, 0.5, 0.65
0.64, 0.56, 0.72
0.7, 0.61, 0.79
0.76, 0.65, 0.85
0.82, 0.7, 0.92
0.87, 0.75, 0.98
0.93, 0.8, 1.04
0.99, 0.86, 1.11
0.0, -0.07, 0.07
-0.01, -0.15, 0.13
-0.02, -0.22, 0.2
-0.03, -0.3, 0.26
-0.04, -0.38, 0.32
-0.04, -0.45, 0.39
-0.05, -0.53, 0.45
-0.06, -0.6, 0.52
-0.07, -0.68, 0.58
-0.08, -0.76, 0.64
-0.08, -0.83, 0.71
-0.09, -0.91, 0.77
-0.1, -0.98, 0.84
-0.11, -1.06, 0.9
-0.12, -1.14, 0.96
-0.12, -1.21, 1.03
-0.13, -1.29, 1.09
-0.04, 0.07, 0.07
-0.09, 0.13, 0.13
-0.13, 0.2, 0.19
-0.18, 0.26, 0.26
-0.22, 0.32, 0.32
-0.27, 0.39, 0.38
-0.31, 0.45, 0.45
-0.36, 0.52, 0.51
-0.4, 0.58, 0.57
-0.45, 0.64, 0.63
-0.49, 0.71, 0.7
-0.54, 0.77, 0.76
-0.58, 0.84, 0.82
-0.63, 0.9, 0.89
-0.67, 0.96, 0.95
-0.72, 1.03, 1.01
-0.76, 1.09, 1.08
0.08, -0.01, 0.07
0.16, -0.03, 0.13
0.24, -0.04, 0.19
0.32, -0.06, 0.25
0.39, -0.07, 0.31
0.47, -0.09, 0.38
0.55, -0.1, 0.44
0.63, -0.12, 0.5
0.71, -0.13, 0.56
0.78, -0.15, 0.62
0.86, -0.16, 0.69
0.94, -0.18, 0.75
1.02, -0.19, 0.81
1.1, -0.21, 0.87
1.17, -0.22, 0.93
1.25, -0.24, 1.0
1.33, -0.25, 1.06
-0.06, -0.04, 0.06
-0.13, -0.08, 0.12
-0.2, -0.12, 0.19
-0.27, -0.16, 0.24
-0.34, -0.2, 0.3
-0.4, -0.24, 0.37
-0.47, -0.28, 0.43
-0.54, -0.32, 0.48
-0.61, -0.36, 0.54
-0.68, -0.41, 0.6
-0.74, -0.45, 0.66
-0.81, -0.49, 0.73
-0.88, -0.53, 0.78
-0.95, -0.57, 0.85
-1.02, -0.61, 0.9
-1.08, -0.65, 0.96
-1.15, -0.69, 1.02
0.03, 0.08, 0.06
0.05, 0.16, 0.12
0.08, 0.24, 0.18
0.1, 0.32, 0.24
0.12, 0.39, 0.3
0.15, 0.47, 0.36
0.17, 0.55, 0.42
0.2, 0.63, 0.48
0.22, 0.71, 0.54
0.24, 0.78, 0.59
0.27, 0.86, 0.65
0.29, 0.94, 0.71
0.32, 1.02, 0.77
0.34, 1.1, 0.83
0.36, 1.17, 0.89
0.39, 1.25, 0.95
0.41, 1.33, 1.01
0.04, -0.07, 0.06
0.08, -0.14, 0.12
0.11, -0.21, 0.18
0.15, -0.29, 0.24
0.18, -0.36, 0.29
0.22, -0.43, 0.35
0.26, -0.51, 0.41
0.29, -0.58, 0.47
0.33, -0.65, 0.53
0.36, -0.73, 0.58
0.4, -0.8, 0.64
0.44, -0.87, 0.7
0.47, -0.94, 0.76
0.51, -1.02, 0.82
0.54, -1.09, 0.87
0.58, -1.16, 0.93
0.62, -1.24, 0.99
-0.07, 0.04, 0.06
-0.15, 0.07, 0.12
-0.22, 0.1, 0.18
-0.3, 0.13, 0.23
-0.38, 0.16, 0.29
-0.45, 0.19, 0.35
-0.53, 0.22, 0.4
-0.6, 0.25, 0.46
-0.68, 0.28, 0.52
-0.76, 0.31, 0.57
-0.83, 0.35, 0.63
-0.91, 0.38, 0.69
-0.98, 0.41, 0.75
-1.06, 0.44, 0.8
-1.14, 0.47, 0.86
-1.21, 0.5, 0.92
-1.29, 0.53, 0.97
0.08, 0.03, 0.06
0.16, 0.06, 0.12
0.24, 0.1, 0.17
0.32, 0.12, 0.23
0.4, 0.15, 0.28
0.48, 0.19, 0.34
0.56, 0.22, 0.39
0.64, 0.24, 0.45
0.72, 0.27, 0.5
0.79, 0.3, 0.56
0.87, 0.33, 0.61
0.95, 0.37, 0.67
1.03, 0.39, 0.72
1.11, 0.43, 0.78
1.19, 0.45, 0.83
1.27, 0.48, 0.89
1.35, 0.51, 0.94
-0.03, -0.07, 0.06
-0.07, -0.15, 0.11
-0.11, -0.22, 0.17
-0.14, -0.3, 0.22
-0.18, -0.37, 0.27
-0.22, -0.45, 0.33
-0.25, -0.52, 0.38
-0.29, -0.6, 0.44
-0.33, -0.67, 0.49
-0.37, -0.75, 0.54
-0.4, -0.82, 0.6
-0.44, -0.9, 0.65
-0.48, -0.97, 0.71
-0.51, -1.05, 0.76
-0.55, -1.12, 0.81
-0.59, -1.2, 0.87
-0.62, -1.27, 0.92
-0.02, 0.09, 0.06
-0.04, 0.17, 0.11
-0.06, 0.25, 0.16
-0.09, 0.33, 0.22
-0.11, 0.41, 0.27
-0.13, 0.5, 0.32
-0.16, 0.58, 0.38
-0.18, 0.66, 0.43
-0.2, 0.74, 0.48
-0.23, 0.82, 0.53
-0.25, 0.91, 0.59
-0.27, 0.99, 0.64
-0.29, 1.07, 0.69
-0.32, 1.15, 0.75
-0.34, 1.23, 0.8
-0.36, 1.32, 0.85
-0.39, 1.4, 0.91
0.08, -0.04, 0.06
0.15, -0.08, 0.11
0.23, -0.13, 0.16
0.3, -0.17, 0.21
0.37, -0.22, 0.26
0.45, -0.26, 0.32
0.52, -0.3, 0.37
0.6, -0.35, 0.42
0.67, -0.39, 0.47
0.74, -0.44, 0.52
0.82, -0.48, 0.58
0.89, -0.52, 0.63
0.97, -0.57, 0.68
1.04, -0.61, 0.73
1.11, -0.66, 0.78
1.19, -0.7, 0.84
1.26, -0.74, 0.89
-0.08, -0.01, 0.06
-0.17, -0.03, 0.11
-0.25, -0.04, 0.16
-0.34, -0.06, 0.21
-0.42, -0.08, 0.26
-0.51, -0.09, 0.31
-0.59, -0.11, 0.36
-0.68, -0.12, 0.41
-0.76, -0.14, 0.46
-0.85, -0.16, 0.51
-0.93, -0.17, 0.57
-1.02, -0.19, 0.62
-1.1, -0.2, 0.67
-1.19, -0.22, 0.72
-1.27, -0.24, 0.77
-1.36, -0.25, 0.82
-1.44, -0.27, 0.87
0.06, 0.08, 0.05
0.11, 0.15, 0.1
0.16, 0.22, 0.15
0.22, 0.29, 0.2
0.27, 0.36, 0.25
0.32, 0.43, 0.3
0.38, 0.5, 0.35
0.43, 0.57, 0.4
0.48, 0.64, 0.45
0.53, 0.71, 0.49
0.59, 0.79, 0.54
0.64, 0.86, 0.59
0.69, 0.93, 0.64
0.75, 1.0, 0.69
0.8, 1.07, 0.74
0.85, 1.14, 0.79
0.91, 1.21, 0.84
0.02, -0.08, 0.05
0.03, -0.17, 0.1
0.04, -0.26, 0.15
0.05, -0.34, 0.2
0.05, -0.43, 0.24
0.07, -0.52, 0.29
0.08, -0.6, 0.34
0.09, -0.69, 0.39
0.1, -0.78, 0.44
0.1, -0.87, 0.48
0.12, -0.95, 0.53
0.13, -1.04, 0.58
0.13, -1.13, 0.63
0.15, -1.21, 0.68
0.16, -1.3, 0.72
0.17, -1.39, 0.77
0.18, -1.47, 0.82
-0.06, 0.06, 0.05
-0.13, 0.12, 0.1
-0.19, 0.18, 0.15
-0.26, 0.24, 0.19
-0.33, 0.3, 0.24
-0.39, 0.36, 0.29
-0.46, 0.42, 0.33
-0.52, 0.48, 0.38
-0.59, 0.54, 0.43
-0.66, 0.59, 0.47
-0.72, 0.65, 0.52
-0.79, 0.71, 0.57
-0.85, 0.77, 0.62
-0.92, 0.83, 0.66
-0.99, 0.89, 0.71
-1.05, 0.95, 0.76
-1.12, 1.01, 0.8
0.1, 0.01, 0.05
0.19, 0.01, 0.1
0.28, 0.01, 0.14
0.37, 0.01, 0.19
0.45, 0.01, 0.23
0.55, 0.02, 0.28
0.64, 0.02, 0.33
0.73, 0.02, 0.37
0.81, 0.02, 0.42
0.9, 0.02, 0.46
1.0, 0.03, 0.51
1.09, 0.03, 0.56
1.18, 0.03, 0.6
1.27, 0.03, 0.65
1.35, 0.03, 0.69
1.45, 0.04, 0.74
1.54, 0.04, 0.79
-0.06, -0.06, 0.05
-0.13, -0.12, 0.09
-0.19, -0.18, 0.14
-0.26, -0.24, 0.18
-0.32, -0.3, 0.22
-0.39, -0.36, 0.27
-0.45, -0.42, 0.31
-0.52, -0.48, 0.36
-0.58, -0.54, 0.4
-0.65, -0.61, 0.44
-0.71, -0.67, 0.49
-0.78, -0.73, 0.53
-0.84, -0.79, 0.58
-0.91, -0.85, 0.62
-0.97, -0.91, 0.66
-1.04, -0.97, 0.71
-1.1, -1.03, 0.75
0.01, 0.1, 0.05
0.02, 0.19, 0.09
0.03, 0.28, 0.13
0.03, 0.37, 0.18
0.04, 0.46, 0.22
0.05, 0.55, 0.26
0.05, 0.64, 0.31
0.06, 0.73, 0.35
0.07, 0.82, 0.39
0.08, 0.91, 0.43
0.08, 1.01, 0.48
0.09, 1.1, 0.52
0.1, 1.19, 0.56
0.1, 1.28, 0.61
0.11, 1.37, 0.65
0.12, 1.46, 0.69
0.12, 1.55, 0.74
0.06, -0.07, 0.05
0.12, -0.14, 0.09
0.18, -0.21, 0.13
0.23, -0.28, 0.17
0.29, -0.35, 0.21
0.35, -0.42, 0.26
0.4, -0.49, 0.3
0.46, -0.56, 0.34
0.52, -0.63, 0.38
0.57, -0.71, 0.42
0.63, -0.78, 0.47
0.69, -0.85, 0.51
0.75, -0.92, 0.55
0.8, -0.99, 0.59
0.86, -1.06, 0.63
0.92, -1.13, 0.68
0.97, -1.2, 0.72
-0.09, 0.02, 0.05
-0.18, 0.03, 0.09
-0.27, 0.05, 0.13
-0.36, 0.06, 0.17
-0.45, 0.08, 0.21
-0.54, 0.1, 0.25
-0.63, 0.11, 0.29
-0.72, 0.12, 0.33
-0.81, 0.14, 0.37
-0.9, 0.15, 0.41
-0.99, 0.17, 0.46
-1.08, 0.19, 0.5
-1.17, 0.2, 0.54
-1.26, 0.22, 0.58
-1.35, 0.23, 0.62
-1.44, 0.24, 0.66
-1.53, 0.26, 0.7
0.08, 0.06, 0.04
0.16, 0.11, 0.08
0.24, 0.16, 0.12
0.31, 0.21, 0.16
0.39, 0.26, 0.2
0.47, 0.31, 0.24
0.54, 0.36, 0.28
0.62, 0.41, 0.32
0.7, 0.46, 0.36
0.77, 0.51, 0.39
0.85, 0.57, 0.43
0.93, 0.62, 0.47
1.01, 0.67, 0.51
1.08, 0.72, 0.55
1.16, 0.77, 0.59
1.24, 0.82, 0.63
1.31, 0.87, 0.67
-0.02, -0.08, 0.04
-0.04, -0.17, 0.08
-0.06, -0.26, 0.12
-0.08, -0.35, 0.16
-0.11, -0.44, 0.19
-0.13, -0.53, 0.23
-0.15, -0.62, 0.27
-0.17, -0.71, 0.31
-0.19, -0.8, 0.35
-0.22, -0.89, 0.38
-0.24, -0.97, 0.42
-0.26, -1.06, 0.46
-0.28, -1.15, 0.5
-0.3, -1.24, 0.54
-0.33, -1.33, 0.58
-0.35, -1.42, 0.61
-0.37, -1.51, 0.65
-0.04, 0.09, 0.04
-0.08, 0.17, 0.08
-0.13, 0.25, 0.12
-0.17, 0.33, 0.15
-0.22, 0.41, 0.19
-0.26, 0.5, 0.23
-0.3, 0.58, 0.26
-0.35, 0.66, 0.3
-0.39, 0.74, 0.34
-0.44, 0.82, 0.37
-0.48, 0.91, 0.41
-0.52, 0.99, 0.45
-0.57, 1.07, 0.49
-0.61, 1.15, 0.52
-0.66, 1.23, 0.56
-0.7, 1.32, 0.6
-0.74, 1.4, 0.63
0.09, -0.03, 0.04
0.18, -0.06, 0.08
0.27, -0.09, 0.11
0.36, -0.12, 0.15
0.45, -0.15, 0.18
0.54, -0.18, 0.22
0.63, -0.21, 0.26
0.72, -0.24, 0.29
0.81, -0.27, 0.33
0.89, -0.3, 0.36
0.98, -0.33, 0.4
1.07, -0.36, 0.44
1.16, -0.39, 0.47
1.25, -0.42, 0.51
1.34, -0.44, 0.54
1.43, -0.48, 0.58
1.52, -0.51, 0.62
-0.08, -0.03, 0.04
-0.17, -0.07, 0.07
-0.25, -0.11, 0.11
-0.34, -0.14, 0.14
-0.43, -0.18, 0.17
-0.51, -0.22, 0.21
-0.6, -0.25, 0.24
-0.68, -0.29, 0.28
-0.77, -0.33, 0.31
-0.86, -0.37, 0.34
-0.94, -0.4, 0.38
-1.03, -0.44, 0.41
-1.11, -0.48, 0.45
-1.2, -0.51, 0.48
-1.29, -0.55, 0.51
-1.37, -0.59, 0.55
-1.46, -0.62, 0.58
0.04, 0.09, 0.04
0.08, 0.18, 0.07
0.12, 0.27, 0.1
0.16, 0.35, 0.14
0.2, 0.44, 0.17
0.24, 0.53, 0.2
0.28, 0.61, 0.24
0.32, 0.7, 0.27
0.36, 0.79, 0.3
0.39, 0.87, 0.33
0.43, 0.96, 0.37
0.47, 1.05, 0.4
0.51, 1.14, 0.43
0.55, 1.22, 0.47
0.59, 1.31, 0.5
0.63, 1.4, 0.53
0.67, 1.48, 0.57
0.03, -0.09, 0.04
0.06, -0.18, 0.07
0.1, -0.27, 0.1
0.12, -0.36, 0.13
0.15, -0.45, 0.16
0.19, -0.54, 0.2
0.22, -0.63, 0.23
0.24, -0.72, 0.26
0.27, -0.81, 0.29
0.3, -0.9, 0.32
0.33, -0.99, 0.36
0.37, -1.08, 0.39
0.39, -1.17, 0.42
0.43, -1.26, 0.45
0.45, -1.35, 0.48
0.48, -1.44, 0.52
0.51, -1.53, 0.55
-0.08, 0.05, 0.04
-0.16, 0.1, 0.07
-0.24, 0.15, 0.1
-0.33, 0.19, 0.13
-0.41, 0.24, 0.16
-0.49, 0.29, 0.19
-0.58, 0.33, 0.22
-0.66, 0.38, 0.25
-0.74, 0.43, 0.28
-0.83, 0.47, 0.31
-0.91, 0.52, 0.35
-0.99, 0.57, 0.38
-1.07, 0.62, 0.41
-1.16, 0.66, 0.44
-1.24, 0.71, 0.47
-1.32, 0.76, 0.5
-1.41, 0.8, 0.53
0.1, 0.03, 0.03
0.19, 0.05, 0.06
0.29, 0.07, 0.1
0.38, 0.1, 0.12
0.47, 0.12, 0.15
0.57, 0.14, 0.19
0.66, 0.17, 0.22
0.76, 0.19, 0.24
0.85, 0.21, 0.27
0.94, 0.23, 0.3
1.04, 0.26, 0.33
1.13, 0.28, 0.37
1.23, 0.3, 0.39
1.32, 0.33, 0.43
1.41, 0.35, 0.45
1.51, 0.37, 0.48
1.6, 0.4, 0.51
-0.05, -0.07, 0.03
-0.1, -0.15, 0.06
-0.16, -0.23, 0.09
-0.21, -0.31, 0.12
-0.27, -0.39, 0.15
-0.32, -0.47, 0.17
-0.37, -0.55, 0.2
-0.43, -0.63, 0.23
-0.48, -0.71, 0.26
-0.54, -0.79, 0.29
-0.59, -0.86, 0.31
-0.64, -0.94, 0.34
-0.7, -1.02, 0.37
-0.75, -1.1, 0.4
-0.81, -1.18, 0.43
-0.86, -1.26, 0.45
-0.91, -1.34, 0.48
-0.01, 0.1, 0.03
-0.02, 0.2, 0.06
-0.03, 0.29, 0.09
-0.05, 0.39, 0.11
-0.06, 0.48, 0.14
-0.07, 0.58, 0.17
-0.09, 0.68, 0.19
-0.1, 0.77, 0.22
-0.11, 0.87, 0.25
-0.13, 0.96, 0.27
-0.14, 1.06, 0.3
-0.15, 1.16, 0.33
-0.16, 1.25, 0.36
-0.18, 1.35, 0.38
-0.19, 1.44, 0.41
-0.2, 1.54, 0.44
-0.22, 1.64, 0.46
0.08, -0.06, 0.03
0.16, -0.12, 0.06
0.23, -0.18, 0.08
0.31, -0.24, 0.11
0.38, -0.3, 0.13
0.46, -0.36, 0.16
0.53, -0.42, 0.19
0.61, -0.48, 0.21
0.68, -0.54, 0.24
0.75, -0.61, 0.26
0.83, -0.67, 0.29
0.91, -0.73, 0.32
0.98, -0.79, 0.34
1.05, -0.85, 0.37
1.13, -0.91, 0.39
1.21, -0.97, 0.42
1.28, -1.03, 0.45
-0.09, 0.0, 0.03
-0.19, -0.01, 0.05
-0.28, -0.01, 0.08
-0.38, -0.02, 0.1
-0.48, -0.02, 0.13
-0.57, -0.03, 0.16
-0.67, -0.03, 0.18
-0.76, -0.04, 0.2
-0.86, -0.04, 0.23
-0.96, -0.05, 0.25
-1.05, -0.05, 0.28
-1.15, -0.06, 0.31
-1.24, -0.06, 0.33
-1.34, -0.07, 0.35
-1.44, -0.07, 0.38
-1.53, -0.08, 0.4
-1.63, -0.08, 0.43
0.07, 0.07, 0.03
0.14, 0.14, 0.05
0.21, 0.22, 0.07
0.28, 0.28, 0.1
0.34, 0.35, 0.12
0.41, 0.43, 0.14
0.48, 0.49, 0.17
0.55, 0.56, 0.19
0.62, 0.63, 0.21
0.68, 0.7, 0.23
0.75, 0.77, 0.26
0.82, 0.85, 0.28
0.89, 0.91, 0.3
0.96, 0.98, 0.33
1.02, 1.05, 0.35
1.09, 1.12, 0.37
1.16, 1.19, 0.4
0.0, -0.09, 0.03
0.0, -0.19, 0.05
0.0, -0.29, 0.07
0.0, -0.38, 0.09
-0.01, -0.48, 0.11
-0.01, -0.58, 0.14
-0.01, -0.67, 0.16
-0.01, -0.77, 0.18
-0.01, -0.87, 0.2
-0.02, -0.97, 0.22
-0.02, -1.06, 0.25
-0.02, -1.16, 0.27
-0.02, -1.26, 0.29
-0.02, -1.35, 0.31
-0.03, -1.45, 0.33
-0.03, -1.55, 0.36
-0.03, -1.64, 0.38
-0.06, 0.08, 0.03
-0.12, 0.16, 0.05
-0.18, 0.23, 0.07
-0.25, 0.31, 0.09
-0.31, 0.38, 0.11
-0.37, 0.46, 0.13
-0.44, 0.53, 0.15
-0.5, 0.61, 0.17
-0.56, 0.68, 0.19
-0.63, 0.75, 0.21
-0.69, 0.83, 0.24
-0.75, 0.91, 0.26
-0.81, 0.98, 0.28
-0.88, 1.05, 0.3
-0.94, 1.13, 0.32
-1.0, 1.21, 0.34
-1.07, 1.28, 0.36
0.1, -0.01, 0.03
0.2, -0.02, 0.05
0.3, -0.03, 0.07
0.4, -0.04, 0.09
0.49, -0.05, 0.1
0.59, -0.06, 0.13
0.69, -0.07, 0.15
0.79, -0.08, 0.17
0.89, -0.09, 0.19
0.98, -0.11, 0.2
1.08, -0.12, 0.23
1.18, -0.13, 0.25
1.28, -0.14, 0.26
1.38, -0.15, 0.29
1.47, -0.16, 0.31
1.57, -0.17, 0.33
1.67, -0.18, 0.35
-0.07, -0.05, 0.02
-0.15, -0.11, 0.04
-0.23, -0.17, 0.06
-0.31, -0.22, 0.08
-0.39, -0.28, 0.09
-0.47, -0.34, 0.11
-0.55, -0.39, 0.13
-0.63, -0.45, 0.15
-0.71, -0.51, 0.17
-0.79, -0.56, 0.18
-0.86, -0.62, 0.2
-0.94, -0.68, 0.22
-1.02, -0.74, 0.24
-1.1, -0.79, 0.26
-1.18, -0.85, 0.27
-1.26, -0.91, 0.29
-1.34, -0.96, 0.31
0.03, 0.1, 0.02
0.05, 0.2, 0.04
0.07, 0.3, 0.06
0.09, 0.39, 0.07
0.11, 0.49, 0.09
0.13, 0.59, 0.11
0.15, 0.68, 0.12
0.17, 0.78, 0.14
0.19, 0.88, 0.16
0.21, 0.97, 0.17
0.24, 1.07, 0.19
0.26, 1.17, 0.21
0.28, 1.27, 0.23
0.3, 1.36, 0.24
0.32, 1.46, 0.26
0.34, 1.56, 0.28
0.36, 1.65, 0.29
0.06, -0.08, 0.02
0.11, -0.16, 0.04
0.16, -0.25, 0.05
0.21, -0.33, 0.07
0.26, -0.42, 0.08
0.31, -0.5, 0.1
0.36, -0.58, 0.12
0.41, -0.67, 0.13
0.46, -0.75, 0.15
0.51, -0.84, 0.16
0.57, -0.92, 0.18
0.62, -1.0, 0.2
0.67, -1.09, 0.21
0.72, -1.17, 0.23
0.77, -1.26, 0.24
0.82, -1.34, 0.26
0.87, -1.42, 0.28
-0.09, 0.03, 0.02
-0.18, 0.06, 0.03
-0.28, 0.09, 0.05
-0.37, 0.12, 0.06
-0.47, 0.15, 0.08
-0.56, 0.18, 0.1
-0.65, 0.21, 0.11
-0.75, 0.24, 0.12
-0.84, 0.27, 0.14
-0.94, 0.29, 0.15
-1.03, 0.32, 0.17
-1.12, 0.35, 0.19
-1.22, 0.38, 0.2
-1.31, 0.41, 0.22
-1.41, 0.44, 0.23
-1.5, 0.47, 0.24
-1.59, 0.5, 0.26
0.1, 0.05, 0.02
0.19, 0.09, 0.03
0.28, 0.14, 0.04
0.37, 0.18, 0.06
0.45, 0.22, 0.07
0.55, 0.27, 0.08
0.64, 0.31, 0.1
0.73, 0.36, 0.11
0.81, 0.4, 0.12
0.9, 0.44, 0.13
1.0, 0.49, 0.15
1.09, 0.53, 0.16
1.18, 0.58, 0.17
1.27, 0.62, 0.19
1.35, 0.66, 0.2
1.45, 0.71, 0.21
1.54, 0.75, 0.23
-0.03, -0.09, 0.02
-0.07, -0.18, 0.03
-0.1, -0.27, 0.04
-0.14, -0.36, 0.05
-0.18, -0.46, 0.06
-0.21, -0.55, 0.08
-0.25, -0.64, 0.09
-0.28, -0.73, 0.1
-0.32, -0.82, 0.11
-0.36, -0.92, 0.12
-0.39, -1.01, 0.14
-0.43, -1.1, 0.15
-0.46, -1.19, 0.16
-0.5, -1.28, 0.17
-0.54, -1.38, 0.18
-0.57, -1.47, 0.2
-0.61, -1.56, 0.21
-0.03, 0.1, 0.02
-0.06, 0.19, 0.03
-0.1, 0.29, 0.04
-0.13, 0.38, 0.05
-0.17, 0.47, 0.06
-0.21, 0.57, 0.07
-0.24, 0.66, 0.08
-0.27, 0.76, 0.09
-0.31, 0.85, 0.1
-0.35, 0.94, 0.11
-0.38, 1.04, 0.13
-0.42, 1.13, 0.14
-0.45, 1.23, 0.15
-0.49, 1.32, 0.16
-0.52, 1.41, 0.17
-0.55, 1.51, 0.18
-0.59, 1.6, 0.19
0.09, -0.04, 0.02
0.18, -0.08, 0.03
0.27, -0.13, 0.04
0.36, -0.17, 0.05
0.45, -0.22, 0.05
0.54, -0.26, 0.07
0.63, -0.3, 0.08
0.72, -0.35, 0.09
0.81, -0.39, 0.1
0.89, -0.44, 0.1
0.98, -0.48, 0.12
1.07, -0.52, 0.13
1.16, -0.57, 0.13
1.25, -0.61, 0.15
1.34, -0.66, 0.16
1.43, -0.7, 0.17
1.52, -0.74, 0.18
-0.09, -0.02, 0.01
-0.19, -0.05, 0.02
-0.28, -0.07, 0.03
-0.38, -0.1, 0.04
-0.47, -0.13, 0.05
-0.57, -0.15, 0.06
-0.66, -0.18, 0.07
-0.76, -0.2, 0.08
-0.85, -0.23, 0.09
-0.95, -0.26, 0.09
-1.04, -0.28, 0.1
-1.14, -0.31, 0.11
-1.23, -0.33, 0.12
-1.33, -0.36, 0.13
-1.42, -0.39, 0.14
-1.52, -0.41, 0.15
-1.61, -0.44, 0.16
0.06, 0.09, 0.01
0.11, 0.17, 0.02
0.16, 0.26, 0.03
0.22, 0.34, 0.03
0.27, 0.43, 0.04
0.32, 0.51, 0.05
0.38, 0.6, 0.05
0.43, 0.68, 0.06
0.48, 0.77, 0.07
0.53, 0.85, 0.08
0.59, 0.94, 0.08
0.64, 1.02, 0.09
0.69, 1.11, 0.1
0.75, 1.2, 0.1
0.8, 1.28, 0.11
0.85, 1.36, 0.12
0.91, 1.45, 0.12
0.02, -0.09, 0.01
0.04, -0.19, 0.02
0.06, -0.29, 0.02
0.08, -0.39, 0.03
0.1, -0.49, 0.03
0.12, -0.58, 0.04
0.14, -0.68, 0.05
0.16, -0.78, 0.05
0.18, -0.88, 0.06
0.19, -0.98, 0.06
0.21, -1.07, 0.07
0.23, -1.17, 0.08
0.25, -1.27, 0.08
0.27, -1.37, 0.09
0.29, -1.47, 0.09
0.31, -1.56, 0.1
0.33, -1.66, 0.11
-0.07, 0.06, 0.01
-0.15, 0.12, 0.02
-0.23, 0.19, 0.02
-0.31, 0.24, 0.03
-0.39, 0.3, 0.03
-0.47, 0.37, 0.04
-0.55, 0.43, 0.04
-0.63, 0.48, 0.05
-0.71, 0.54, 0.05
-0.79, 0.6, 0.05
-0.86, 0.66, 0.06
-0.94, 0.73, 0.07
-1.02, 0.78, 0.07
-1.1, 0.85, 0.08
-1.18, 0.9, 0.08
-1.26, 0.96, 0.09
-1.34, 1.02, 0.09
0.1, 0.02, 0.01
0.2, 0.03, 0.01
0.31, 0.04, 0.02
0.4, 0.05, 0.02
0.5, 0.05, 0.02
0.61, 0.07, 0.03
0.7, 0.08, 0.03
0.8, 0.09, 0.04
0.9, 0.1, 0.04
1.0, 0.1, 0.04
1.11, 0.12, 0.05
1.21, 0.13, 0.05
1.3, 0.13, 0.06
1.4, 0.15, 0.06
1.5, 0.16, 0.06
1.6, 0.17, 0.07
1.71, 0.18, 0.07
-0.06, -0.07, 0.01
-0.13, -0.14, 0.01
-0.19, -0.22, 0.01
-0.26, -0.29, 0.01
-0.33, -0.37, 0.01
-0.39, -0.44, 0.02
-0.46, -0.51, 0.02
-0.52, -0.59, 0.02
-0.59, -0.66, 0.02
-0.66, -0.74, 0.02
-0.72, -0.81, 0.03
-0.79, -0.88, 0.03
-0.85, -0.96, 0.03
-0.92, -1.03, 0.03
-0.99, -1.1, 0.03
-1.05, -1.18, 0.04
-1.12, -1.25, 0.04
0.0, 0.1, 0.01
0.0, 0.2, 0.01
0.0, 0.31, 0.01
0.0, 0.4, 0.01
0.0, 0.5, 0.01
0.0, 0.61, 0.01
0.0, 0.7, 0.01
0.0, 0.8, 0.01
0.0, 0.9, 0.01
-0.01, 1.0, 0.01
-0.01, 1.11, 0.02
-0.01, 1.21, 0.02
-0.01, 1.3, 0.02
-0.01, 1.4, 0.02
-0.01, 1.5, 0.02
-0.01, 1.6, 0.02
-0.01, 1.71, 0.02
0.07, -0.07, 0.0
0.14, -0.14, 0.0
0.21, -0.21, 0.0
0.28, -0.28, 0.0
0.35, -0.36, 0.0
0.42, -0.43, 0.0
0.49, -0.5, 0.0
0.56, -0.57, 0.0
0.63, -0.64, 0.0
0.69, -0.72, 0.0
0.76, -0.79, 0.0
0.83, -0.86, 0.0
0.9, -0.93, 0.0
0.97, -1.0, 0.0
1.04, -1.08, 0.0
1.11, -1.15, 0.0
1.18, -1.22, 0.0
-0.09, 0.01, 0.0
-0.19, 0.02, 0.0
-0.29, 0.03, 0.0
-0.39, 0.04, 0.0
-0.49, 0.04, 0.0
-0.59, 0.05, 0.0
-0.69, 0.06, 0.0
-0.79, 0.07, 0.0
-0.89, 0.08, 0.0
-0.99, 0.08, -0.01
-1.08, 0.09, -0.01
-1.18, 0.1, -0.01
-1.28, 0.11, -0.01
-1.38, 0.12, -0.01
-1.48, 0.12, -0.01
-1.58, 0.13, -0.01
-1.68, 0.14, -0.01
0.08, 0.07, 0.0
0.16, 0.13, 0.0
0.24, 0.19, 0.0
0.32, 0.25, -0.01
0.4, 0.31, -0.01
0.48, 0.38, -0.01
0.56, 0.44, -0.02
0.64, 0.5, -0.02
0.72, 0.56, -0.02
0.79, 0.62, -0.03
0.87, 0.69, -0.03
0.95, 0.75, -0.03
1.03, 0.81, -0.03
1.11, 0.87, -0.04
1.19, 0.93, -0.04
1.27, 1.0, -0.04
1.35, 1.06, -0.05
-0.01, -0.09, 0.0
-0.03, -0.19, 0.0
-0.04, -0.29, -0.01
-0.06, -0.39, -0.01
-0.08, -0.49, -0.02
-0.09, -0.58, -0.02
-0.11, -0.68, -0.02
-0.12, -0.78, -0.03
-0.14, -0.88, -0.03
-0.16, -0.98, -0.04
-0.17, -1.07, -0.04
-0.19, -1.17, -0.04
-0.2, -1.27, -0.05
-0.22, -1.37, -0.05
-0.24, -1.47, -0.06
-0.25, -1.56, -0.06
-0.27, -1.66, -0.06
-0.05, 0.09, 0.0
-0.1, 0.17, -0.01
-0.16, 0.26, -0.01
-0.21, 0.34, -0.02
-0.27, 0.42, -0.02
-0.32, 0.51, -0.03
-0.37, 0.59, -0.03
-0.43, 0.68, -0.04
-0.48, 0.76, -0.04
-0.54, 0.84, -0.05
-0.59, 0.93, -0.05
-0.64, 1.01, -0.06
-0.7, 1.1, -0.06
-0.75, 1.18, -0.07
-0.81, 1.26, -0.07
-0.86, 1.35, -0.08
-0.91, 1.43, -0.08
0.1, -0.02, 0.0
0.2, -0.04, -0.01
0.3, -0.07, -0.01
0.39, -0.09, -0.02
0.49, -0.12, -0.03
0.59, -0.14, -0.03
0.68, -0.16, -0.04
0.78, -0.19, -0.04
0.88, -0.21, -0.05
0.97, -0.24, -0.06
1.07, -0.26, -0.06
1.17, -0.28, -0.07
1.27, -0.31, -0.07
1.36, -0.33, -0.08
1.46, -0.36, -0.09
1.56, -0.38, -0.09
1.65, -0.4, -0.1
-0.08, -0.04, 0.0
-0.17, -0.09, -0.01
-0.26, -0.13, -0.02
-0.34, -0.18, -0.03
-0.43, -0.23, -0.04
-0.52, -0.27, -0.04
-0.6, -0.32, -0.05
-0.69, -0.36, -0.06
-0.78, -0.41, -0.07
-0.87, -0.46, -0.08
-0.95, -0.5, -0.08
-1.04, -0.55, -0.09
-1.13, -0.59, -0.1
-1.21, -0.64, -0.11
-1.3, -0.69, -0.12
-1.39, -0.73, -0.12
-1.47, -0.78, -0.13
0.04, 0.1, 0.0
0.07, 0.19, -0.01
0.11, 0.29, -0.02
0.14, 0.38, -0.03
0.17, 0.47, -0.04
0.21, 0.57, -0.05
0.24, 0.66, -0.06
0.28, 0.76, -0.07
0.31, 0.85, -0.08
0.34, 0.94, -0.09
0.38, 1.04, -0.09
0.41, 1.13, -0.1
0.45, 1.23, -0.11
0.48, 1.32, -0.12
0.51, 1.41, -0.13
0.55, 1.51, -0.14
0.58, 1.6, -0.15
0.04, -0.09, -0.01
0.08, -0.18, -0.02
0.12, -0.27, -0.03
0.16, -0.36, -0.04
0.2, -0.45, -0.05
0.24, -0.54, -0.06
0.28, -0.63, -0.07
0.32, -0.72, -0.08
0.36, -0.81, -0.09
0.39, -0.91, -0.1
0.43, -1.0, -0.11
0.47, -1.09, -0.12
0.51, -1.18, -0.13
0.55, -1.27, -0.14
0.59, -1.36, -0.15
0.63, -1.45, -0.16
0.67, -1.54, -0.17
-0.09, 0.05, -0.01
-0.18, 0.09, -0.02
-0.27, 0.13, -0.03
-0.36, 0.17, -0.04
-0.45, 0.21, -0.05
-0.54, 0.26, -0.06
-0.63, 0.3, -0.07
-0.72, 0.34, -0.08
-0.81, 0.38, -0.09
-0.9, 0.42, -0.11
-0.99, 0.47, -0.12
-1.08, 0.51, -0.13
-1.17, 0.55, -0.14
-1.26, 0.59, -0.15
-1.35, 0.63, -0.16
-1.44, 0.68, -0.17
-1.53, 0.72, -0.18
0.1, 0.04, -0.01
0.19, 0.07, -0.02
0.29, 0.1, -0.03
0.38, 0.13, -0.04
0.48, 0.16, -0.06
0.58, 0.19, -0.07
0.67, 0.22, -0.08
0.76, 0.25, -0.09
0.86, 0.28, -0.1
0.95, 0.31, -0.12
1.05, 0.35, -0.13
1.15, 0.38, -0.14
1.24, 0.41, -0.15
1.33, 0.44, -0.16
1.43, 0.47, -0.18
1.52, 0.5, -0.19
1.62, 0.53, -0.2
-0.04, -0.08, -0.01
-0.09, -0.17, -0.02
-0.14, -0.25, -0.04
-0.19, -0.34, -0.05
-0.24, -0.43, -0.07
-0.28, -0.51, -0.08
-0.33, -0.6, -0.09
-0.38, -0.68, -0.11
-0.43, -0.77, -0.12
-0.48, -0.86, -0.14
-0.52, -0.94, -0.15
-0.57, -1.03, -0.16
-0.62, -1.11, -0.18
-0.67, -1.2, -0.19
-0.72, -1.29, -0.21
-0.76, -1.37, -0.22
-0.81, -1.46, -0.23
-0.02, 0.1, -0.01
-0.04, 0.2, -0.03
-0.06, 0.3, -0.04
-0.08, 0.39, -0.06
-0.11, 0.49, -0.07
-0.13, 0.59, -0.09
-0.15, 0.68, -0.1
-0.17, 0.78, -0.12
-0.19, 0.88, -0.13
-0.22, 0.97, -0.15
-0.24, 1.07, -0.16
-0.26, 1.17, -0.18
-0.28, 1.27, -0.19
-0.3, 1.36, -0.21
-0.33, 1.46, -0.22
-0.35, 1.56, -0.24
-0.37, 1.65, -0.25
0.09, -0.05, -0.01
0.17, -0.11, -0.03
0.25, -0.16, -0.04
0.33, -0.22, -0.06
0.41, -0.27, -0.08
0.5, -0.33, -0.09
0.58, -0.38, -0.11
0.66, -0.44, -0.12
0.74, -0.49, -0.14
0.82, -0.55, -0.16
0.91, -0.6, -0.17
0.99, -0.66, -0.19
1.07, -0.71, -0.2
1.15, -0.77, -0.22
1.23, -0.82, -0.24
1.32, -0.88, -0.25
1.4, -0.93, -0.27
-0.09, -0.01, -0.01
-0.19, -0.02, -0.03
-0.29, -0.03, -0.05
-0.38, -0.05, -0.06
-0.48, -0.06, -0.08
-0.58, -0.07, -0.1
-0.67, -0.09, -0.11
-0.77, -0.1, -0.13
-0.87, -0.11, -0.15
-0.97, -0.13, -0.17
-1.06, -0.14, -0.18
-1.16, -0.15, -0.2
-1.26, -0.16, -0.22
-1.35, -0.18, -0.23
-1.45, -0.19, -0.25
-1.55, -0.2, -0.27
-1.64, -0.22, -0.28
0.07, 0.08, -0.01
0.13, 0.16, -0.03
0.19, 0.23, -0.05
0.26, 0.31, -0.07
0.32, 0.38, -0.09
0.38, 0.46, -0.11
0.45, 0.54, -0.13
0.51, 0.61, -0.15
0.57, 0.69, -0.17
0.63, 0.76, -0.19
0.7, 0.84, -0.2
0.76, 0.92, -0.22
0.82, 0.99, -0.24
0.89, 1.07, -0.26
0.95, 1.15, -0.28
1.01, 1.22, -0.3
1.08, 1.3, -0.32
0.01, -0.09, -0.02
0.02, -0.19, -0.04
0.02, -0.29, -0.06
0.03, -0.38, -0.08
0.03, -0.48, -0.1
0.04, -0.58, -0.12
0.05, -0.67, -0.14
0.05, -0.77, -0.16
0.06, -0.87, -0.18
0.06, -0.97, -0.2
0.07, -1.06, -0.22
0.08, -1.16, -0.24
0.08, -1.26, -0.26
0.09, -1.35, -0.28
0.09, -1.45, -0.3
0.1, -1.55, -0.32
0.11, -1.64, -0.34
-0.06, 0.07, -0.02
-0.13, 0.14, -0.04
-0.2, 0.21, -0.06
-0.27, 0.28, -0.08
-0.34, 0.35, -0.1
-0.41, 0.42, -0.12
-0.48, 0.49, -0.14
-0.55, 0.56, -0.16
-0.62, 0.63, -0.18
-0.69, 0.69, -0.21
-0.75, 0.76, -0.23
-0.82, 0.83, -0.25
-0.89, 0.9, -0.27
-0.96, 0.97, -0.29
-1.03, 1.04, -0.31
-1.1, 1.11, -0.33
-1.17, 1.18, -0.35
0.1, 0.0, -0.02
0.2, 0.0, -0.04
0.3, 0.0, -0.06
0.4, -0.01, -0.08
0.49, -0.01, -0.11
0.59, -0.01, -0.13
0.69, -0.02, -0.15
0.79, -0.02, -0.17
0.89, -0.02, -0.19
0.98, -0.03, -0.22
1.08, -0.03, -0.24
1.18, -0.03, -0.26
1.28, -0.03, -0.28
1.38, -0.04, -0.3
1.47, -0.04, -0.33
1.57, -0.04, -0.35
1.67, -0.05, -0.37
-0.07, -0.06, -0.02
-0.14, -0.12, -0.04
-0.21, -0.18, -0.07
-0.29, -0.24, -0.09
-0.36, -0.31, -0.12
-0.43, -0.37, -0.14
-0.51, -0.43, -0.16
-0.58, -0.49, -0.19
-0.65, -0.55, -0.21
-0.73, -0.62, -0.24
-0.8, -0.68, -0.26
-0.87, -0.74, -0.28
-0.94, -0.8, -0.31
-1.02, -0.86, -0.33
-1.09, -0.93, -0.36
-1.16, -0.99, -0.38
-1.24, -1.05, -0.4
0.02, 0.1, -0.02
0.03, 0.2, -0.05
0.04, 0.3, -0.07
0.05, 0.39, -0.1
0.06, 0.49, -0.12
0.08, 0.59, -0.15
0.09, 0.68, -0.17
0.1, 0.78, -0.2
0.11, 0.88, -0.22
0.12, 0.97, -0.25
0.14, 1.07, -0.27
0.15, 1.17, -0.3
0.16, 1.27, -0.32
0.17, 1.36, -0.35
0.18, 1.46, -0.37
0.2, 1.56, -0.4
0.21, 1.65, -0.42
0.06, -0.07, -0.02
0.12, -0.15, -0.05
0.17, -0.23, -0.07
0.23, -0.31, -0.1
0.29, -0.39, -0.13
0.34, -0.46, -0.15
0.4, -0.54, -0.18
0.45, -0.62, -0.2
0.51, -0.7, -0.23
0.57, -0.78, -0.26
0.62, -0.85, -0.28
0.68, -0.93, -0.31
0.73, -1.01, -0.33
0.79, -1.09, -0.36
0.85, -1.17, -0.39
0.9, -1.24, -0.41
0.96, -1.32, -0.44
-0.09, 0.03, -0.02
-0.18, 0.05, -0.05
-0.27, 0.07, -0.08
-0.37, 0.09, -0.1
-0.46, 0.11, -0.13
-0.55, 0.13, -0.16
-0.65, 0.15, -0.18
-0.74, 0.17, -0.21
-0.83, 0.19, -0.24
-0.93, 0.21, -0.27
-1.02, 0.24, -0.29
-1.11, 0.26, -0.32
-1.2, 0.28, -0.35
-1.3, 0.3, -0.37
-1.39, 0.32, -0.4
-1.48, 0.34, -0.43
-1.58, 0.36, -0.45
0.09, 0.05, -0.02
0.17, 0.1, -0.05
0.25, 0.15, -0.08
0.34, 0.2, -0.11
0.42, 0.25, -0.14
0.5, 0.3, -0.17
0.59, 0.35, -0.2
0.67, 0.4, -0.23
0.75, 0.45, -0.26
0.83, 0.49, -0.28
0.92, 0.54, -0.31
1.0, 0.59, -0.34
1.08, 0.64, -0.37
1.17, 0.69, -0.4
1.25, 0.74, -0.43
1.33, 0.79, -0.46
1.42, 0.84, -0.49
-0.02, -0.09, -0.03
-0.05, -0.18, -0.06
-0.08, -0.27, -0.09
-0.1, -0.36, -0.12
-0.13, -0.45, -0.15
-0.16, -0.54, -0.18
-0.18, -0.63, -0.21
-0.21, -0.72, -0.24
-0.24, -0.81, -0.27
-0.27, -0.91, -0.3
-0.29, -1.0, -0.33
-0.32, -1.09, -0.36
-0.35, -1.18, -0.39
-0.37, -1.27, -0.42
-0.4, -1.36, -0.44
-0.43, -1.45, -0.48
-0.45, -1.54, -0.51
-0.04, 0.09, -0.03
-0.08, 0.18, -0.06
-0.12, 0.26, -0.09
-0.16, 0.35, -0.12
-0.2, 0.43, -0.15
-0.24, 0.52, -0.18
-0.28, 0.61, -0.21
-0.32, 0.69, -0.24
-0.36, 0.78, -0.27
-0.4, 0.86, -0.31
-0.44, 0.95, -0.34
-0.48, 1.04, -0.37
-0.52, 1.12, -0.4
-0.56, 1.21, -0.43
-0.6, 1.29, -0.46
-0.64, 1.38, -0.49
-0.68, 1.47, -0.52
0.09, -0.03, -0.03
0.18, -0.06, -0.06
0.27, -0.1, -0.09
0.36, -0.13, -0.12
0.44, -0.17, -0.16
0.53, -0.21, -0.19
0.62, -0.24, -0.22
0.71, -0.27, -0.25
0.8, -0.31, -0.28
0.88, -0.35, -0.32
0.97, -0.38, -0.35
1.06, -0.42, -0.38
1.15, -0.45, -0.41
1.24, -0.49, -0.44
1.32, -0.52, -0.48
1.41, -0.55, -0.51
1.5, -0.59, -0.54
-0.08, -0.03, -0.03
-0.17, -0.06, -0.06
-0.26, -0.09, -0.09
-0.35, -0.12, -0.13
-0.44, -0.16, -0.16
-0.52, -0.19, -0.19
-0.61, -0.22, -0.23
-0.7, -0.25, -0.26
-0.79, -0.28, -0.29
-0.88, -0.32, -0.33
-0.96, -0.35, -0.36
-1.05, -0.38, -0.39
-1.14, -0.41, -0.42
-1.23, -0.44, -0.46
-1.32, -0.48, -0.49
-1.4, -0.51, -0.52
-1.49, -0.54, -0.56
0.05, 0.09, -0.03
0.09, 0.17, -0.06
0.13, 0.26, -0.1
0.18, 0.34, -0.13
0.22, 0.42, -0.17
0.26, 0.51, -0.21
0.31, 0.59, -0.24
0.35, 0.68, -0.27
0.39, 0.76, -0.31
0.43, 0.84, -0.35
0.48, 0.93, -0.38
0.52, 1.01, -0.42
0.56, 1.1, -0.45
0.61, 1.18, -0.49
0.65, 1.26, -0.52
0.69, 1.35, -0.55
0.74, 1.43, -0.59
0.03, -0.08, -0.03
0.05, -0.17, -0.07
0.08, -0.26, -0.1
0.1, -0.35, -0.14
0.13, -0.44, -0.18
0.16, -0.53, -0.21
0.18, -0.62, -0.25
0.2, -0.71, -0.28
0.23, -0.8, -0.32
0.25, -0.89, -0.36
0.28, -0.97, -0.39
0.31, -1.06, -0.43
0.33, -1.15, -0.46
0.35, -1.24, -0.5
0.38, -1.33, -0.54
0.4, -1.42, -0.57
0.43, -1.51, -0.61
-0.07, 0.05, -0.03
-0.15, 0.1, -0.07
-0.23, 0.16, -0.11
-0.31, 0.2, -0.14
-0.39, 0.25, -0.18
-0.46, 0.31, -0.22
-0.54, 0.35, -0.25
-0.62, 0.4, -0.29
-0.7, 0.45, -0.33
-0.78, 0.5, -0.37
-0.85, 0.56, -0.4
-0.93, 0.61, -0.44
-1.01, 0.65, -0.48
-1.09, 0.7, -0.51
-1.17, 0.75, -0.55
-1.24, 0.8, -0.59
-1.32, 0.86, -0.62
0.1, 0.02, -0.03
0.19, 0.04, -0.07
0.28, 0.06, -0.11
0.37, 0.07, -0.15
0.46, 0.09, -0.19
0.55, 0.11, -0.22
0.64, 0.12, -0.26
0.73, 0.14, -0.3
0.82, 0.16, -0.34
0.91, 0.17, -0.38
1.01, 0.19, -0.41
1.1, 0.21, -0.45
1.19, 0.23, -0.49
1.28, 0.24, -0.53
1.37, 0.26, -0.57
1.46, 0.28, -0.6
1.55, 0.29, -0.64
-0.05, -0.07, -0.04
-0.11, -0.14, -0.08
-0.16, -0.21, -0.12
-0.22, -0.29, -0.16
-0.27, -0.36, -0.2
-0.33, -0.43, -0.24
-0.38, -0.51, -0.28
-0.44, -0.58, -0.32
-0.49, -0.65, -0.36
-0.55, -0.73, -0.4
-0.6, -0.8, -0.44
-0.66, -0.87, -0.48
-0.71, -0.94, -0.52
-0.77, -1.02, -0.56
-0.82, -1.09, -0.6
-0.88, -1.16, -0.64
-0.93, -1.24, -0.68
0.0, 0.1, -0.04
-0.01, 0.19, -0.08
-0.02, 0.28, -0.12
-0.03, 0.37, -0.16
-0.04, 0.46, -0.2
-0.04, 0.55, -0.24
-0.05, 0.64, -0.28
-0.06, 0.73, -0.32
-0.07, 0.82, -0.36
-0.08, 0.91, -0.41
-0.08, 1.01, -0.45
-0.09, 1.1, -0.49
-0.1, 1.19, -0.53
-0.11, 1.28, -0.57
-0.12, 1.37, -0.61
-0.12, 1.46, -0.65
-0.13, 1.55, -0.69
0.07, -0.06, -0.04
0.14, -0.12, -0.08
0.21, -0.18, -0.12
0.28, -0.24, -0.16
0.34, -0.3, -0.21
0.41, -0.36, -0.25
0.48, -0.42, -0.29
0.55, -0.48, -0.33
0.62, -0.54, -0.37
0.68, -0.6, -0.42
0.75, -0.66, -0.46
0.82, -0.72, -0.5
0.89, -0.78, -0.54
0.96, -0.84, -0.58
1.02, -0.89, -0.63
1.09, -0.96, -0.67
1.16, -1.02, -0.71
-0.08, 0.0, -0.04
-0.17, 0.0, -0.08
-0.26, 0.0, -0.12
-0.35, 0.0, -0.17
-0.44, 0.0, -0.21
-0.53, 0.0, -0.25
-0.62, 0.0, -0.3
-0.71, 0.0, -0.34
-0.8, 0.0, -0.38
-0.89, 0.0, -0.43
-0.97, 0.0, -0.47
-1.06, 0.0, -0.51
-1.15, 0.0, -0.55
-1.24, 0.0, -0.6
-1.33, 0.0, -0.64
-1.42, 0.0, -0.68
-1.51, 0.0, -0.73
0.07, 0.07, -0.04
0.14, 0.13, -0.09
0.2, 0.19, -0.13
0.27, 0.25, -0.18
0.33, 0.31, -0.22
0.4, 0.37, -0.27
0.47, 0.43, -0.31
0.53, 0.49, -0.36
0.6, 0.55, -0.4
0.66, 0.61, -0.45
0.73, 0.68, -0.49
0.8, 0.74, -0.54
0.86, 0.8, -0.58
0.93, 0.86, -0.63
0.99, 0.92, -0.67
1.06, 0.98, -0.72
1.13, 1.04, -0.76
0.0, -0.08, -0.04
-0.01, -0.17, -0.09
-0.02, -0.26, -0.13
-0.02, -0.35, -0.18
-0.03, -0.44, -0.23
-0.04, -0.52, -0.27
-0.04, -0.61, -0.32
-0.05, -0.7, -0.36
-0.06, -0.79, -0.41
-0.07, -0.88, -0.46
-0.07, -0.96, -0.5
-0.08, -1.05, -0.55
-0.09, -1.14, -0.59
-0.09, -1.23, -0.64
-0.1, -1.32, -0.69
-0.11, -1.4, -0.73
-0.11, -1.49, -0.78
-0.05, 0.07, -0.04
-0.1, 0.14, -0.09
-0.15, 0.22, -0.14
-0.21, 0.28, -0.18
-0.26, 0.35, -0.23
-0.31, 0.43, -0.28
-0.37, 0.49, -0.32
-0.42, 0.56, -0.37
-0.47, 0.63, -0.42
-0.53, 0.7, -0.47
-0.58, 0.77, -0.51
-0.63, 0.85, -0.56
-0.68, 0.91, -0.61
-0.74, 0.98, -0.65
-0.79, 1.05, -0.7
-0.84, 1.12, -0.75
-0.9, 1.19, -0.79
0.09, -0.01, -0.04
0.18, -0.02, -0.09
0.27, -0.04, -0.14
0.35, -0.05, -0.19
0.44, -0.07, -0.24
0.53, -0.08, -0.28
0.61, -0.09, -0.33
0.7, -0.11, -0.38
0.79, -0.12, -0.43
0.87, -0.14, -0.48
0.96, -0.15, -0.52
1.05, -0.16, -0.57
1.14, -0.18, -0.62
1.22, -0.19, -0.67
1.31, -0.21, -0.72
1.4, -0.22, -0.76
1.48, -0.23, -0.81
-0.07, -0.04, -0.05
-0.14, -0.09, -0.1
-0.21, -0.13, -0.15
-0.28, -0.18, -0.2
-0.36, -0.23, -0.25
-0.43, -0.27, -0.3
-0.5, -0.32, -0.35
-0.57, -0.36, -0.4
-0.64, -0.41, -0.45
-0.72, -0.46, -0.5
-0.79, -0.5, -0.55
-0.86, -0.55, -0.6
-0.93, -0.59, -0.65
-1.0, -0.64, -0.7
-1.08, -0.69, -0.75
-1.15, -0.73, -0.8
-1.22, -0.78, -0.85
0.03, 0.09, -0.05
0.05, 0.17, -0.1
0.07, 0.26, -0.15
0.09, 0.34, -0.2
0.11, 0.42, -0.25
0.14, 0.51, -0.3
0.16, 0.59, -0.35
0.18, 0.68, -0.4
0.2, 0.76, -0.45
0.22, 0.84, -0.51
0.25, 0.93, -0.56
0.27, 1.01, -0.61
0.29, 1.1, -0.66
0.31, 1.18, -0.71
0.33, 1.26, -0.76
0.36, 1.35, -0.81
0.38, 1.43, -0.86
0.05, -0.07, -0.05
0.09, -0.15, -0.1
0.13, -0.22, -0.15
0.17, -0.3, -0.2
0.2, -0.37, -0.26
0.25, -0.45, -0.31
0.29, -0.52, -0.36
0.33, -0.6, -0.41
0.37, -0.67, -0.46
0.4, -0.75, -0.52
0.45, -0.82, -0.57
0.49, -0.9, -0.62
0.52, -0.97, -0.67
0.57, -1.05, -0.72
0.61, -1.12, -0.78
0.65, -1.2, -0.83
0.69, -1.27, -0.88
-0.07, 0.03, -0.05
-0.15, 0.06, -0.1
-0.23, 0.09, -0.15
-0.31, 0.12, -0.21
-0.39, 0.15, -0.26
-0.47, 0.18, -0.31
-0.55, 0.21, -0.37
-0.63, 0.24, -0.42
-0.71, 0.27, -0.47
-0.79, 0.29, -0.53
-0.86, 0.32, -0.58
-0.94, 0.35, -0.63
-1.02, 0.38, -0.68
-1.1, 0.41, -0.74
-1.18, 0.44, -0.79
-1.26, 0.47, -0.84
-1.34, 0.5, -0.9
0.08, 0.04, -0.05
0.16, 0.07, -0.1
0.24, 0.1, -0.16
0.32, 0.14, -0.21
0.39, 0.17, -0.27
0.47, 0.2, -0.32
0.55, 0.24, -0.37
0.63, 0.27, -0.43
0.71, 0.3, -0.48
0.78, 0.33, -0.54
0.86, 0.37, -0.59
0.94, 0.4, -0.64
1.02, 0.43, -0.7
1.1, 0.47, -0.75
1.17, 0.5, -0.81
1.25, 0.53, -0.86
1.33, 0.57, -0.91
-0.03, -0.07, -0.05
-0.06, -0.15, -0.11
-0.1, -0.22, -0.16
-0.13, -0.3, -0.22
-0.17, -0.37, -0.28
-0.2, -0.45, -0.33
-0.23, -0.52, -0.39
-0.27, -0.6, -0.44
-0.3, -0.67, -0.5
-0.34, -0.75, -0.56
-0.37, -0.82, -0.61
-0.4, -0.9, -0.67
-0.44, -0.97, -0.72
-0.47, -1.05, -0.78
-0.51, -1.12, -0.84
-0.54, -1.2, -0.89
-0.57, -1.27, -0.95
-0.02, 0.08, -0.05
-0.04, 0.16, -0.11
-0.07, 0.24, -0.17
-0.09, 0.32, -0.22
-0.12, 0.39, -0.28
-0.14, 0.47, -0.34
-0.16, 0.55, -0.39
-0.19, 0.63, -0.45
-0.21, 0.71, -0.51
-0.24, 0.78, -0.56
-0.26, 0.86, -0.62
-0.28, 0.94, -0.68
-0.31, 1.02, -0.74
-0.33, 1.1, -0.79
-0.36, 1.17, -0.85
-0.38, 1.25, -0.91
-0.4, 1.33, -0.96
0.08, -0.04, -0.05
0.15, -0.08, -0.11
0.22, -0.12, -0.17
0.29, -0.16, -0.23
0.36, -0.2, -0.28
0.43, -0.24, -0.34
0.5, -0.28, -0.4
0.57, -0.32, -0.46
0.64, -0.36, -0.52
0.71, -0.4, -0.57
0.79, -0.44, -0.63
0.86, -0.48, -0.69
0.93, -0.52, -0.75
1.0, -0.56, -0.81
1.07, -0.6, -0.86
1.14, -0.64, -0.92
1.21, -0.68, -0.98
-0.07, -0.01, -0.05
-0.15, -0.03, -0.11
-0.23, -0.05, -0.17
-0.31, -0.06, -0.23
-0.39, -0.08, -0.29
-0.46, -0.1, -0.35
-0.54, -0.11, -0.41
-0.62, -0.13, -0.47
-0.7, -0.15, -0.53
-0.78, -0.17, -0.59
-0.85, -0.18, -0.64
-0.93, -0.2, -0.7
-1.01, -0.22, -0.76
-1.09, -0.23, -0.82
-1.17, -0.25, -0.88
-1.24, -0.27, -0.94
-1.32, -0.28, -1.0
0.05, 0.07, -0.06
0.1, 0.14, -0.12
0.14, 0.2, -0.18
0.19, 0.27, -0.24
0.23, 0.33, -0.3
0.28, 0.4, -0.36
0.33, 0.47, -0.42
0.37, 0.53, -0.48
0.42, 0.6, -0.54
0.46, 0.66, -0.61
0.51, 0.73, -0.67
0.56, 0.8, -0.73
0.6, 0.86, -0.79
0.65, 0.93, -0.85
0.69, 0.99, -0.91
0.74, 1.06, -0.97
0.79, 1.13, -1.03
0.02, -0.07, -0.06
0.03, -0.15, -0.12
0.04, -0.23, -0.18
0.05, -0.3, -0.24
0.06, -0.38, -0.31
0.07, -0.46, -0.37
0.08, -0.53, -0.43
0.09, -0.61, -0.49
0.1, -0.69, -0.55
0.11, -0.77, -0.62
0.13, -0.84, -0.68
0.14, -0.92, -0.74
0.15, -1.0, -0.8
0.16, -1.07, -0.86
0.17, -1.15, -0.93
0.18, -1.23, -0.99
0.19, -1.3, -1.05
-0.05, 0.05, -0.06
-0.11, 0.1, -0.12
-0.17, 0.16, -0.18
-0.23, 0.2, -0.25
-0.29, 0.25, -0.31
-0.35, 0.31, -0.37
-0.41, 0.35, -0.44
-0.47, 0.4, -0.5
-0.53, 0.45, -0.56
-0.59, 0.5, -0.63
-0.64, 0.56, -0.69
-0.7, 0.61, -0.75
-0.76, 0.65, -0.81
-0.82, 0.7, -0.88
-0.88, 0.75, -0.94
-0.94, 0.8, -1.0
-1.0, 0.86, -1.07
0.08, 0.01, -0.06
0.16, 0.01, -0.12
0.24, 0.02, -0.19
0.31, 0.02, -0.25
0.39, 0.02, -0.32
0.47, 0.03, -0.38
0.54, 0.03, -0.44
0.62, 0.04, -0.51
0.7, 0.04, -0.57
0.77, 0.04, -0.64
0.85, 0.05, -0.7
0.93, 0.05, -0.76
1.01, 0.06, -0.83
1.08, 0.06, -0.89
1.16, 0.06, -0.96
1.24, 0.07, -1.02
1.31, 0.07, -1.08
-0.05, -0.05, -0.06
-0.1, -0.1, -0.13
-0.15, -0.15, -0.19
-0.2, -0.21, -0.26
-0.26, -0.26, -0.33
-0.31, -0.31, -0.39
-0.36, -0.37, -0.46
-0.41, -0.42, -0.52
-0.46, -0.47, -0.59
-0.52, -0.53, -0.66
-0.57, -0.58, -0.72
-0.62, -0.63, -0.79
-0.67, -0.68, -0.85
-0.72, -0.74, -0.92
-0.78, -0.79, -0.99
-0.83, -0.84, -1.05
-0.88, -0.9, -1.12
0.01, 0.08, -0.06
0.01, 0.15, -0.13
0.01, 0.23, -0.2
0.02, 0.3, -0.26
0.02, 0.37, -0.33
0.02, 0.45, -0.4
0.03, 0.52, -0.46
0.03, 0.6, -0.53
0.03, 0.67, -0.6
0.03, 0.74, -0.67
0.04, 0.82, -0.73
0.04, 0.89, -0.8
0.04, 0.97, -0.87
0.05, 1.04, -0.93
0.05, 1.11, -1.0
0.05, 1.19, -1.07
0.06, 1.26, -1.13
0.05, -0.05, -0.06
0.1, -0.11, -0.13
0.15, -0.16, -0.2
0.2, -0.22, -0.27
0.24, -0.27, -0.34
0.29, -0.33, -0.4
0.34, -0.38, -0.47
0.39, -0.44, -0.54
0.44, -0.49, -0.61
0.48, -0.55, -0.68
0.53, -0.6, -0.74
0.58, -0.66, -0.81
0.63, -0.71, -0.88
0.68, -0.77, -0.95
0.72, -0.82, -1.02
0.77, -0.88, -1.08
0.82, -0.93, -1.15
-0.07, 0.02, -0.06
-0.14, 0.03, -0.13
-0.21, 0.04, -0.2
-0.28, 0.05, -0.27
-0.35, 0.05, -0.34
-0.42, 0.07, -0.41
-0.49, 0.08, -0.48
-0.56, 0.09, -0.55
-0.63, 0.1, -0.62
-0.71, 0.1, -0.69
-0.78, 0.12, -0.75
-0.85, 0.13, -0.82
-0.92, 0.13, -0.89
-0.99, 0.15, -0.96
-1.06, 0.16, -1.03
-1.13, 0.17, -1.1
-1.2, 0.18, -1.17
0.06, 0.05, -0.06
0.12, 0.09, -0.13
0.18, 0.13, -0.21
0.24, 0.17, -0.27
0.29, 0.21, -0.35
0.35, 0.25, -0.42
0.41, 0.29, -0.49
0.47, 0.33, -0.55
0.53, 0.37, -0.63
0.58, 0.41, -0.7
0.64, 0.46, -0.77
0.7, 0.5, -0.84
0.76, 0.54, -0.9
0.82, 0.58, -0.98
0.87, 0.62, -1.04
0.93, 0.66, -1.11
0.99, 0.7, -1.19
-0.01, -0.06, -0.07
-0.02, -0.13, -0.14
-0.04, -0.2, -0.21
-0.05, -0.26, -0.28
-0.07, -0.33, -0.36
-0.08, -0.4, -0.43
-0.09, -0.46, -0.5
-0.11, -0.53, -0.57
-0.12, -0.6, -0.64
-0.14, -0.67, -0.72
-0.15, -0.73, -0.79
-0.16, -0.8, -0.86
-0.18, -0.87, -0.93
-0.19, -0.93, -1.0
-0.21, -1.0, -1.08
-0.22, -1.07, -1.15
-0.23, -1.13, -1.22
-0.03, 0.06, -0.07
-0.06, 0.12, -0.14
-0.1, 0.18, -0.21
-0.13, 0.24, -0.29
-0.17, 0.3, -0.36
-0.2, 0.36, -0.43
-0.23, 0.42, -0.51
-0.27, 0.48, -0.58
-0.3, 0.54, -0.65
-0.34, 0.59, -0.73
-0.37, 0.65, -0.8
-0.4, 0.71, -0.87
-0.44, 0.77, -0.94
-0.47, 0.83, -1.02
-0.51, 0.89, -1.09
-0.54, 0.95, -1.16
-0.57, 1.01, -1.24
0.07, -0.01, -0.07
0.13, -0.03, -0.14
0.2, -0.05, -0.22
0.26, -0.07, -0.29
0.32, -0.09, -0.37
0.39, -0.11, -0.44
0.45, -0.13, -0.51
0.52, -0.15, -0.59
0.58, -0.17, -0.66
0.64, -0.19, -0.74
0.71, -0.2, -0.81
0.77, -0.22, -0.88
0.84, -0.24, -0.96
0.9, -0.26, -1.03
0.96, -0.28, -1.1
1.03, -0.3, -1.18
1.09, -0.32, -1.25
-0.05, -0.02, -0.07
-0.11, -0.05, -0.15
-0.17, -0.08, -0.22
-0.23, -0.1, -0.3
-0.28, -0.13, -0.37
-0.34, -0.16, -0.45
-0.4, -0.18, -0.52
-0.46, -0.21, -0.6
-0.52, -0.24, -0.67
-0.57, -0.27, -0.75
-0.63, -0.29, -0.82
-0.69, -0.32, -0.9
-0.75, -0.35, -0.97
-0.81, -0.37, -1.05
-0.86, -0.4, -1.12
-0.92, -0.43, -1.2
-0.98, -0.45, -1.27
0.03, 0.06, -0.07
0.05, 0.12, -0.15
0.08, 0.18, -0.23
0.1, 0.24, -0.3
0.13, 0.3, -0.38
0.16, 0.36, -0.46
0.18, 0.42, -0.53
0.2, 0.48, -0.61
0.23, 0.54, -0.69
0.25, 0.59, -0.77
0.28, 0.65, -0.84
0.31, 0.71, -0.92
0.33, 0.77, -1.0
0.35, 0.83, -1.07
0.38, 0.89, -1.15
0.4, 0.95, -1.23
0.43, 1.01, -1.3
0.03, -0.05, -0.07
0.05, -0.11, -0.15
0.07, -0.17, -0.23
0.09, -0.23, -0.31
0.11, -0.28, -0.39
0.14, -0.34, -0.46
0.16, -0.4, -0.54
0.18, -0.46, -0.62
0.2, -0.52, -0.7
0.22, -0.57, -0.78
0.25, -0.63, -0.85
0.27, -0.69, -0.93
0.29, -0.75, -1.01
0.31, -0.81, -1.09
0.33, -0.86, -1.17
0.36, -0.92, -1.24
0.38, -0.98, -1.32
-0.05, 0.03, -0.07
-0.1, 0.06, -0.15
-0.15, 0.09, -0.23
-0.21, 0.12, -0.31
-0.26, 0.15, -0.39
-0.31, 0.17, -0.47
-0.37, 0.2, -0.55
-0.42, 0.23, -0.63
-0.47, 0.26, -0.71
-0.53, 0.29, -0.79
-0.58, 0.31, -0.86
-0.63, 0.34, -0.94
-0.68, 0.37, -1.02
-0.74, 0.4, -1.1
-0.79, 0.43, -1.18
-0.84, 0.45, -1.26
-0.9, 0.48, -1.34
0.06, 0.02, -0.08
0.12, 0.04, -0.16
0.18, 0.05, -0.24
0.23, 0.07, -0.32
0.29, 0.08, -0.4
0.35, 0.1, -0.48
0.4, 0.12, -0.56
0.46, 0.13, -0.64
0.52, 0.15, -0.72
0.57, 0.16, -0.8
0.63, 0.18, -0.88
0.69, 0.2, -0.96
0.75, 0.21, -1.04
0.8, 0.23, -1.12
0.86, 0.24, -1.2
0.92, 0.26, -1.28
0.97, 0.28, -1.36
-0.03, -0.04, -0.08
-0.06, -0.09, -0.16
-0.09, -0.14, -0.24
-0.12, -0.19, -0.32
-0.15, -0.24, -0.41
-0.18, -0.28, -0.49
-0.21, -0.33, -0.57
-0.24, -0.38, -0.65
-0.27, -0.43, -0.73
-0.3, -0.48, -0.82
-0.33, -0.52, -0.9
-0.36, -0.57, -0.98
-0.39, -0.62, -1.06
-0.42, -0.67, -1.14
-0.44, -0.72, -1.23
-0.48, -0.76, -1.31
-0.51, -0.81, -1.39
0.0, 0.06, -0.08
-0.01, 0.12, -0.16
-0.02, 0.17, -0.24
-0.03, 0.23, -0.33
-0.04, 0.28, -0.41
-0.05, 0.34, -0.49
-0.06, 0.39, -0.58
-0.07, 0.45, -0.66
-0.08, 0.5, -0.74
-0.09, 0.56, -0.83
-0.09, 0.61, -0.91
-0.1, 0.67, -0.99
-0.11, 0.72, -1.07
-0.12, 0.78, -1.16
-0.13, 0.83, -1.24
-0.14, 0.89, -1.32
-0.15, 0.94, -1.41
0.05, -0.03, -0.08
0.09, -0.06, -0.16
0.13, -0.09, -0.25
0.18, -0.12, -0.33
0.22, -0.16, -0.42
0.26, -0.19, -0.5
0.31, -0.22, -0.58
0.35, -0.25, -0.67
0.39, -0.28, -0.75
0.43, -0.32, -0.84
0.48, -0.35, -0.92
0.52, -0.38, -1.0
0.56, -0.41, -1.09
0.61, -0.44, -1.17
0.65, -0.48, -1.26
0.69, -0.51, -1.34
0.74, -0.54, -1.42
-0.05, 0.0, -0.08
-0.1, 0.0, -0.17
-0.15, -0.01, -0.25
-0.2, -0.01, -0.34
-0.25, -0.02, -0.42
-0.3, -0.02, -0.51
-0.35, -0.02, -0.59
-0.4, -0.03, -0.68
-0.45, -0.03, -0.76
-0.51, -0.04, -0.85
-0.56, -0.04, -0.93
-0.61, -0.04, -1.02
-0.66, -0.05, -1.1
-0.71, -0.05, -1.19
-0.76, -0.06, -1.27
-0.81, -0.06, -1.36
-0.86, -0.06, -1.44
0.04, 0.04, -0.08
0.07, 0.08, -0.17
0.11, 0.12, -0.26
0.14, 0.15, -0.34
0.17, 0.19, -0.43
0.21, 0.23, -0.52
0.24, 0.26, -0.6
0.28, 0.3, -0.69
0.31, 0.34, -0.78
0.34, 0.37, -0.87
0.38, 0.41, -0.95
0.41, 0.45, -1.04
0.45, 0.49, -1.13
0.48, 0.52, -1.21
0.51, 0.56, -1.3
0.55, 0.6, -1.39
0.58, 0.63, -1.47
0.01, -0.04, -0.08
0.01, -0.09, -0.17
0.01, -0.13, -0.26
0.01, -0.18, -0.35
0.01, -0.23, -0.44
0.01, -0.27, -0.52
0.01, -0.32, -0.61
0.01, -0.36, -0.7
0.01, -0.41, -0.79
0.01, -0.46, -0.88
0.02, -0.5, -0.96
0.02, -0.55, -1.05
0.02, -0.59, -1.14
0.02, -0.64, -1.23
0.02, -0.69, -1.32
0.02, -0.73, -1.4
0.02, -0.78, -1.49
-0.03, 0.04, -0.08
-0.06, 0.07, -0.17
-0.09, 0.1, -0.26
-0.12, 0.14, -0.35
-0.15, 0.17, -0.44
-0.18, 0.2, -0.53
-0.21, 0.24, -0.62
-0.24, 0.27, -0.71
-0.27, 0.3, -0.8
-0.3, 0.33, -0.89
-0.33, 0.37, -0.97
-0.36, 0.4, -1.06
-0.39, 0.43, -1.15
-0.42, 0.47, -1.24
-0.44, 0.5, -1.33
-0.48, 0.53, -1.42
-0.51, 0.57, -1.51
0.05, 0.0, -0.09
0.09, 0.0, -0.18
0.13, 0.0, -0.27
0.17, -0.01, -0.36
0.21, -0.01, -0.45
0.26, -0.01, -0.54
0.3, -0.02, -0.63
0.34, -0.02, -0.72
0.38, -0.02, -0.81
0.42, -0.03, -0.9
0.47, -0.03, -0.99
0.51, -0.03, -1.08
0.55, -0.03, -1.17
0.59, -0.04, -1.26
0.63, -0.04, -1.35
0.68, -0.04, -1.44
0.72, -0.05, -1.53
-0.03, -0.02, -0.09
-0.06, -0.04, -0.18
-0.09, -0.06, -0.27
-0.12, -0.09, -0.36
-0.15, -0.11, -0.45
-0.18, -0.13, -0.54
-0.21, -0.16, -0.63
-0.24, -0.18, -0.72
-0.27, -0.2, -0.81
-0.31, -0.23, -0.91
-0.34, -0.25, -1.0
-0.37, -0.27, -1.09
-0.4, -0.29, -1.18
-0.43, -0.32, -1.27
-0.46, -0.34, -1.36
-0.49, -0.36, -1.45
-0.52, -0.39, -1.54
0.01, 0.04, -0.09
0.02, 0.08, -0.18
0.03, 0.11, -0.27
0.03, 0.15, -0.37
0.04, 0.18, -0.46
0.05, 0.22, -0.55
0.05, 0.26, -0.65
0.06, 0.29, -0.74
0.07, 0.33, -0.83
0.08, 0.36, -0.93
0.08, 0.4, -1.02
0.09, 0.44, -1.11
0.1, 0.47, -1.2
0.1, 0.51, -1.3
0.11, 0.54, -1.39
0.12, 0.58, -1.48
0.12, 0.62, -1.58
0.02, -0.02, -0.09
0.04, -0.05, -0.18
0.06, -0.08, -0.28
0.08, -0.1, -0.37
0.09, -0.13, -0.47
0.11, -0.16, -0.56
0.13, -0.18, -0.65
0.15, -0.21, -0.75
0.17, -0.24, -0.84
0.18, -0.27, -0.94
0.2, -0.29, -1.03
0.22, -0.32, -1.12
0.24, -0.35, -1.22
0.26, -0.37, -1.31
0.27, -0.4, -1.41
0.29, -0.43, -1.5
0.31, -0.45, -1.59
-0.02, 0.01, -0.09
-0.05, 0.02, -0.19
-0.08, 0.03, -0.28
-0.11, 0.04, -0.38
-0.14, 0.04, -0.47
-0.16, 0.05, -0.57
-0.19, 0.06, -0.66
-0.22, 0.07, -0.76
-0.25, 0.08, -0.85
-0.28, 0.08, -0.95
-0.3, 0.09, -1.04
-0.33, 0.1, -1.14
-0.36, 0.11, -1.23
-0.39, 0.12, -1.33
-0.42, 0.12, -1.42
-0.44, 0.13, -1.52
-0.47, 0.14, -1.61
0.03, 0.02, -0.09
0.05, 0.03, -0.19
0.07, 0.04, -0.28
0.09, 0.05, -0.38
0.11, 0.06, -0.48
0.14, 0.08, -0.57
0.16, 0.09, -0.67
0.18, 0.1, -0.76
0.2, 0.11, -0.86
0.22, 0.12, -0.96
0.25, 0.14, -1.05
0.27, 0.15, -1.15
0.29, 0.16, -1.24
0.31, 0.17, -1.34
0.33, 0.18, -1.44
0.36, 0.2, -1.53
0.38, 0.21, -1.63
0.0, -0.01, -0.09
-0.01, -0.03, -0.19
-0.01, -0.05, -0.29
-0.02, -0.07, -0.39
-0.03, -0.09, -0.49
-0.03, -0.1, -0.58
-0.04, -0.12, -0.68
-0.04, -0.14, -0.78
-0.05, -0.16, -0.88
-0.06, -0.18, -0.98
-0.06, -0.19, -1.07
-0.07, -0.21, -1.17
-0.07, -0.23, -1.27
-0.08, -0.25, -1.37
-0.09, -0.27, -1.47
-0.09, -0.28, -1.56
-0.1, -0.3, -1.66
0.0, 0.02, -0.09
0.0, 0.03, -0.19
-0.01, 0.04, -0.29
-0.01, 0.05, -0.39
-0.02, 0.06, -0.49
-0.02, 0.07, -0.59
-0.02, 0.08, -0.69
-0.03, 0.09, -0.79
-0.03, 0.1, -0.89
-0.04, 0.11, -0.99
-0.04, 0.13, -1.08
-0.04, 0.14, -1.18
-0.05, 0.15, -1.28
-0.05, 0.16, -1.38
-0.06, 0.17, -1.48
-0.06, 0.18, -1.58
-0.06, 0.19, -1.68
